GENER
m 984W1  1                  38     HEAT
 0.0000000e+00 2.3587200e+07 3.2400000E+07 3.2508000E+07
 3.4819200e+07 4.5187200e+07 5.9875200e+07 5.9940000e+07
 6.1603200e+07 7.0243200e+07 7.0308000e+07 7.0416000e+07
 7.0480800e+07 7.2144000e+07 7.2208800e+07 7.3958400e+07
 7.4476800e+07 7.8192000e+07 7.8321600e+07 8.5708800E+07
 8.5881600E+07 9.2707200e+07 9.2772000e+07 9.4435200e+07
 9.5299200e+07 9.5407200e+07 9.9705600e+07 1.0877760e+08
 1.1862700E+08 1.1893000E+08 1.2242880e+08 1.2251520e+08
 1.3115520e+08 1.3642560e+08 1.3649040e+08 1.4091840e+08
 1.5344640e+08 2.7967680e+08
 0.0000000e+00 2.3413150e+01 0.0000000e+00 2.3413150e+01
 2.2770570e+01 2.2831860e+01 0.0000000e+00 2.2882070e+01
 2.2590150e+01 0.0000000e+00 2.2590150e+01 0.0000000e+00
 2.1952650e+01 0.0000000e+00 2.1952650e+01 0.0000000e+00
 2.1952650e+01 0.0000000e+00 2.1952650e+01 0.0000000e+00
 2.1952650e+01 0.0000000e+00 2.2506250e+01 2.1189720e+01
 0.0000000e+00 2.1189720e+01 1.9763260e+01 1.8594090e+01
 0.0000000e+00 1.8594090e+01 0.0000000e+00 1.8594090e+01
 1.7582020e+01 0.0000000e+00 1.7582020e+01 1.6639050e+01
 0.0000000e+00 0.0000000e+00
m 994W1  2                  38     HEAT
 0.0000000e+00 2.3587200e+07 3.2400000E+07 3.2508000E+07
 3.4819200e+07 4.5187200e+07 5.9875200e+07 5.9940000e+07
 6.1603200e+07 7.0243200e+07 7.0308000e+07 7.0416000e+07
 7.0480800e+07 7.2144000e+07 7.2208800e+07 7.3958400e+07
 7.4476800e+07 7.8192000e+07 7.8321600e+07 8.5708800E+07
 8.5881600E+07 9.2707200e+07 9.2772000e+07 9.4435200e+07
 9.5299200e+07 9.5407200e+07 9.9705600e+07 1.0877760e+08
 1.1862700E+08 1.1893000E+08 1.2242880e+08 1.2251520e+08
 1.3115520e+08 1.3642560e+08 1.3649040e+08 1.4091840e+08
 1.5344640e+08 2.7967680e+08
 0.0000000e+00 1.8211780e+01 0.0000000e+00 1.8211780e+01
 1.7711960e+01 1.7759630e+01 0.0000000e+00 1.7798690e+01
 1.7571620e+01 0.0000000e+00 1.7571620e+01 0.0000000e+00
 1.7075750e+01 0.0000000e+00 1.7075750e+01 0.0000000e+00
 1.7075750e+01 0.0000000e+00 1.7075750e+01 0.0000000e+00
 1.7075750e+01 0.0000000e+00 1.7506360e+01 1.6482300e+01
 0.0000000e+00 1.6482300e+01 1.5372740e+01 1.4463310e+01
 0.0000000e+00 1.4463310e+01 0.0000000e+00 1.4463310e+01
 1.3676080e+01 0.0000000e+00 1.3676080e+01 1.2942590e+01
 0.0000000e+00 0.0000000e+00
m1031W1  3                  38     HEAT
 0.0000000e+00 2.3587200e+07 3.2400000E+07 3.2508000E+07
 3.4819200e+07 4.5187200e+07 5.9875200e+07 5.9940000e+07
 6.1603200e+07 7.0243200e+07 7.0308000e+07 7.0416000e+07
 7.0480800e+07 7.2144000e+07 7.2208800e+07 7.3958400e+07
 7.4476800e+07 7.8192000e+07 7.8321600e+07 8.5708800E+07
 8.5881600E+07 9.2707200e+07 9.2772000e+07 9.4435200e+07
 9.5299200e+07 9.5407200e+07 9.9705600e+07 1.0877760e+08
 1.1862700E+08 1.1893000E+08 1.2242880e+08 1.2251520e+08
 1.3115520e+08 1.3642560e+08 1.3649040e+08 1.4091840e+08
 1.5344640e+08 2.7967680e+08
 0.0000000e+00 2.3413150e+01 0.0000000e+00 2.3413150e+01
 2.2770570e+01 2.2831860e+01 0.0000000e+00 2.2882070e+01
 2.2590150e+01 0.0000000e+00 2.2590150e+01 0.0000000e+00
 2.1952650e+01 0.0000000e+00 2.1952650e+01 0.0000000e+00
 2.1952650e+01 0.0000000e+00 2.1952650e+01 0.0000000e+00
 2.1952650e+01 0.0000000e+00 2.2506250e+01 2.1189720e+01
 0.0000000e+00 2.1189720e+01 1.9763260e+01 1.8594090e+01
 0.0000000e+00 1.8594090e+01 0.0000000e+00 1.8594090e+01
 1.7582020e+01 0.0000000e+00 1.7582020e+01 1.6639050e+01
 0.0000000e+00 0.0000000e+00
m1041W1  4                  38     HEAT
 0.0000000e+00 2.3587200e+07 3.2400000E+07 3.2508000E+07
 3.4819200e+07 4.5187200e+07 5.9875200e+07 5.9940000e+07
 6.1603200e+07 7.0243200e+07 7.0308000e+07 7.0416000e+07
 7.0480800e+07 7.2144000e+07 7.2208800e+07 7.3958400e+07
 7.4476800e+07 7.8192000e+07 7.8321600e+07 8.5708800E+07
 8.5881600E+07 9.2707200e+07 9.2772000e+07 9.4435200e+07
 9.5299200e+07 9.5407200e+07 9.9705600e+07 1.0877760e+08
 1.1862700E+08 1.1893000E+08 1.2242880e+08 1.2251520e+08
 1.3115520e+08 1.3642560e+08 1.3649040e+08 1.4091840e+08
 1.5344640e+08 2.7967680e+08
 0.0000000e+00 1.8211780e+01 0.0000000e+00 1.8211780e+01
 1.7711960e+01 1.7759630e+01 0.0000000e+00 1.7798690e+01
 1.7571620e+01 0.0000000e+00 1.7571620e+01 0.0000000e+00
 1.7075750e+01 0.0000000e+00 1.7075750e+01 0.0000000e+00
 1.7075750e+01 0.0000000e+00 1.7075750e+01 0.0000000e+00
 1.7075750e+01 0.0000000e+00 1.7506360e+01 1.6482300e+01
 0.0000000e+00 1.6482300e+01 1.5372740e+01 1.4463310e+01
 0.0000000e+00 1.4463310e+01 0.0000000e+00 1.4463310e+01
 1.3676080e+01 0.0000000e+00 1.3676080e+01 1.2942590e+01
 0.0000000e+00 0.0000000e+00
m1080W1  5                  38     HEAT
 0.0000000e+00 2.3587200e+07 3.2400000E+07 3.2508000E+07
 3.4819200e+07 4.5187200e+07 5.9875200e+07 5.9940000e+07
 6.1603200e+07 7.0243200e+07 7.0308000e+07 7.0416000e+07
 7.0480800e+07 7.2144000e+07 7.2208800e+07 7.3958400e+07
 7.4476800e+07 7.8192000e+07 7.8321600e+07 8.5708800E+07
 8.5881600E+07 9.2707200e+07 9.2772000e+07 9.4435200e+07
 9.5299200e+07 9.5407200e+07 9.9705600e+07 1.0877760e+08
 1.1862700E+08 1.1893000E+08 1.2242880e+08 1.2251520e+08
 1.3115520e+08 1.3642560e+08 1.3649040e+08 1.4091840e+08
 1.5344640e+08 2.7967680e+08
 0.0000000e+00 3.6437590e+01 0.0000000e+00 3.6437590e+01
 3.5437550e+01 3.5532940e+01 0.0000000e+00 3.5611080e+01
 3.5156760e+01 0.0000000e+00 3.5156760e+01 0.0000000e+00
 3.4164640e+01 0.0000000e+00 3.4164640e+01 0.0000000e+00
 3.4164640e+01 0.0000000e+00 3.4164640e+01 0.0000000e+00
 3.4164640e+01 0.0000000e+00 3.5026190e+01 3.2977300e+01
 0.0000000e+00 3.2977300e+01 3.0757320e+01 2.8937760e+01
 0.0000000e+00 2.8937760e+01 0.0000000e+00 2.8937760e+01
 2.7362680e+01 0.0000000e+00 2.7362680e+01 2.5895140e+01
 0.0000000e+00 0.0000000e+00
m1087W1  6                  38     HEAT
 0.0000000e+00 2.3587200e+07 3.2400000E+07 3.2508000E+07
 3.4819200e+07 4.5187200e+07 5.9875200e+07 5.9940000e+07
 6.1603200e+07 7.0243200e+07 7.0308000e+07 7.0416000e+07
 7.0480800e+07 7.2144000e+07 7.2208800e+07 7.3958400e+07
 7.4476800e+07 7.8192000e+07 7.8321600e+07 8.5708800E+07
 8.5881600E+07 9.2707200e+07 9.2772000e+07 9.4435200e+07
 9.5299200e+07 9.5407200e+07 9.9705600e+07 1.0877760e+08
 1.1862700E+08 1.1893000E+08 1.2242880e+08 1.2251520e+08
 1.3115520e+08 1.3642560e+08 1.3649040e+08 1.4091840e+08
 1.5344640e+08 2.7967680e+08
 0.0000000e+00 5.6037330e+01 0.0000000e+00 5.6037330e+01
 5.4499380e+01 5.4646080e+01 0.0000000e+00 5.4766250e+01
 5.4067560e+01 0.0000000e+00 5.4067560e+01 0.0000000e+00
 5.2541770e+01 0.0000000e+00 5.2541770e+01 0.0000000e+00
 5.2541770e+01 0.0000000e+00 5.2541770e+01 0.0000000e+00
 5.2541770e+01 0.0000000e+00 5.3866750e+01 5.0715760e+01
 0.0000000e+00 5.0715760e+01 4.7301650e+01 4.4503350e+01
 0.0000000e+00 4.4503350e+01 0.0000000e+00 4.4503350e+01
 4.2081050e+01 0.0000000e+00 4.2081050e+01 3.9824120e+01
 0.0000000e+00 0.0000000e+00
m1094W1  7                  38     HEAT
 0.0000000e+00 2.3587200e+07 3.2400000E+07 3.2508000E+07
 3.4819200e+07 4.5187200e+07 5.9875200e+07 5.9940000e+07
 6.1603200e+07 7.0243200e+07 7.0308000e+07 7.0416000e+07
 7.0480800e+07 7.2144000e+07 7.2208800e+07 7.3958400e+07
 7.4476800e+07 7.8192000e+07 7.8321600e+07 8.5708800E+07
 8.5881600E+07 9.2707200e+07 9.2772000e+07 9.4435200e+07
 9.5299200e+07 9.5407200e+07 9.9705600e+07 1.0877760e+08
 1.1862700E+08 1.1893000E+08 1.2242880e+08 1.2251520e+08
 1.3115520e+08 1.3642560e+08 1.3649040e+08 1.4091840e+08
 1.5344640e+08 2.7967680e+08
 0.0000000e+00 7.2692910e+01 0.0000000e+00 7.2692910e+01
 7.0697840e+01 7.0888140e+01 0.0000000e+00 7.1044040e+01
 7.0137680e+01 0.0000000e+00 7.0137680e+01 0.0000000e+00
 6.8158380e+01 0.0000000e+00 6.8158380e+01 0.0000000e+00
 6.8158380e+01 0.0000000e+00 6.8158380e+01 0.0000000e+00
 6.8158380e+01 0.0000000e+00 6.9877190e+01 6.5789640e+01
 0.0000000e+00 6.5789640e+01 6.1360790e+01 5.7730770e+01
 0.0000000e+00 5.7730770e+01 0.0000000e+00 5.7730770e+01
 5.4588500e+01 0.0000000e+00 5.4588500e+01 5.1660760e+01
 0.0000000e+00 0.0000000e+00
m1101W1  8                  38     HEAT
 0.0000000e+00 2.3587200e+07 3.2400000E+07 3.2508000E+07
 3.4819200e+07 4.5187200e+07 5.9875200e+07 5.9940000e+07
 6.1603200e+07 7.0243200e+07 7.0308000e+07 7.0416000e+07
 7.0480800e+07 7.2144000e+07 7.2208800e+07 7.3958400e+07
 7.4476800e+07 7.8192000e+07 7.8321600e+07 8.5708800E+07
 8.5881600E+07 9.2707200e+07 9.2772000e+07 9.4435200e+07
 9.5299200e+07 9.5407200e+07 9.9705600e+07 1.0877760e+08
 1.1862700E+08 1.1893000E+08 1.2242880e+08 1.2251520e+08
 1.3115520e+08 1.3642560e+08 1.3649040e+08 1.4091840e+08
 1.5344640e+08 2.7967680e+08
 0.0000000e+00 6.4533360e+01 0.0000000e+00 6.4533360e+01
 6.2762230e+01 6.2931170e+01 0.0000000e+00 6.3069570e+01
 6.2264940e+01 0.0000000e+00 6.2264940e+01 0.0000000e+00
 6.0507820e+01 0.0000000e+00 6.0507820e+01 0.0000000e+00
 6.0507820e+01 0.0000000e+00 6.0507820e+01 0.0000000e+00
 6.0507820e+01 0.0000000e+00 6.2033690e+01 5.8404960e+01
 0.0000000e+00 5.8404960e+01 5.4473230e+01 5.1250670e+01
 0.0000000e+00 5.1250670e+01 0.0000000e+00 5.1250670e+01
 4.8461110e+01 0.0000000e+00 4.8461110e+01 4.5862000e+01
 0.0000000e+00 0.0000000e+00
m1108W1  9                  38     HEAT
 0.0000000e+00 2.3587200e+07 3.2400000E+07 3.2508000E+07
 3.4819200e+07 4.5187200e+07 5.9875200e+07 5.9940000e+07
 6.1603200e+07 7.0243200e+07 7.0308000e+07 7.0416000e+07
 7.0480800e+07 7.2144000e+07 7.2208800e+07 7.3958400e+07
 7.4476800e+07 7.8192000e+07 7.8321600e+07 8.5708800E+07
 8.5881600E+07 9.2707200e+07 9.2772000e+07 9.4435200e+07
 9.5299200e+07 9.5407200e+07 9.9705600e+07 1.0877760e+08
 1.1862700E+08 1.1893000E+08 1.2242880e+08 1.2251520e+08
 1.3115520e+08 1.3642560e+08 1.3649040e+08 1.4091840e+08
 1.5344640e+08 2.7967680e+08
 0.0000000e+00 3.6774060e+01 0.0000000e+00 3.6774060e+01
 3.5764790e+01 3.5861060e+01 0.0000000e+00 3.5939920e+01
 3.5481410e+01 0.0000000e+00 3.5481410e+01 0.0000000e+00
 3.4480120e+01 0.0000000e+00 3.4480120e+01 0.0000000e+00
 3.4480120e+01 0.0000000e+00 3.4480120e+01 0.0000000e+00
 3.4480120e+01 0.0000000e+00 3.5349640e+01 3.3281820e+01
 0.0000000e+00 3.3281820e+01 3.1041340e+01 2.9204980e+01
 0.0000000e+00 2.9204980e+01 0.0000000e+00 2.9204980e+01
 2.7615360e+01 0.0000000e+00 2.7615360e+01 2.6134270e+01
 0.0000000e+00 0.0000000e+00
m1350W1 10                  38     HEAT
 0.0000000e+00 2.3587200e+07 3.2400000E+07 3.2508000E+07
 3.4819200e+07 4.5187200e+07 5.9875200e+07 5.9940000e+07
 6.1603200e+07 7.0243200e+07 7.0308000e+07 7.0416000e+07
 7.0480800e+07 7.2144000e+07 7.2208800e+07 7.3958400e+07
 7.4476800e+07 7.8192000e+07 7.8321600e+07 8.5708800E+07
 8.5881600E+07 9.2707200e+07 9.2772000e+07 9.4435200e+07
 9.5299200e+07 9.5407200e+07 9.9705600e+07 1.0877760e+08
 1.1862700E+08 1.1893000E+08 1.2242880e+08 1.2251520e+08
 1.3115520e+08 1.3642560e+08 1.3649040e+08 1.4091840e+08
 1.5344640e+08 2.7967680e+08
 0.0000000e+00 3.6437590e+01 0.0000000e+00 3.6437590e+01
 3.5437550e+01 3.5532940e+01 0.0000000e+00 3.5611080e+01
 3.5156760e+01 0.0000000e+00 3.5156760e+01 0.0000000e+00
 3.4164640e+01 0.0000000e+00 3.4164640e+01 0.0000000e+00
 3.4164640e+01 0.0000000e+00 3.4164640e+01 0.0000000e+00
 3.4164640e+01 0.0000000e+00 3.5026190e+01 3.2977300e+01
 0.0000000e+00 3.2977300e+01 3.0757320e+01 2.8937760e+01
 0.0000000e+00 2.8937760e+01 0.0000000e+00 2.8937760e+01
 2.7362680e+01 0.0000000e+00 2.7362680e+01 2.5895140e+01
 0.0000000e+00 0.0000000e+00
m1357W1 11                  38     HEAT
 0.0000000e+00 2.3587200e+07 3.2400000E+07 3.2508000E+07
 3.4819200e+07 4.5187200e+07 5.9875200e+07 5.9940000e+07
 6.1603200e+07 7.0243200e+07 7.0308000e+07 7.0416000e+07
 7.0480800e+07 7.2144000e+07 7.2208800e+07 7.3958400e+07
 7.4476800e+07 7.8192000e+07 7.8321600e+07 8.5708800E+07
 8.5881600E+07 9.2707200e+07 9.2772000e+07 9.4435200e+07
 9.5299200e+07 9.5407200e+07 9.9705600e+07 1.0877760e+08
 1.1862700E+08 1.1893000E+08 1.2242880e+08 1.2251520e+08
 1.3115520e+08 1.3642560e+08 1.3649040e+08 1.4091840e+08
 1.5344640e+08 2.7967680e+08
 0.0000000e+00 5.6037330e+01 0.0000000e+00 5.6037330e+01
 5.4499380e+01 5.4646080e+01 0.0000000e+00 5.4766250e+01
 5.4067560e+01 0.0000000e+00 5.4067560e+01 0.0000000e+00
 5.2541770e+01 0.0000000e+00 5.2541770e+01 0.0000000e+00
 5.2541770e+01 0.0000000e+00 5.2541770e+01 0.0000000e+00
 5.2541770e+01 0.0000000e+00 5.3866750e+01 5.0715760e+01
 0.0000000e+00 5.0715760e+01 4.7301650e+01 4.4503350e+01
 0.0000000e+00 4.4503350e+01 0.0000000e+00 4.4503350e+01
 4.2081050e+01 0.0000000e+00 4.2081050e+01 3.9824120e+01
 0.0000000e+00 0.0000000e+00
m1364W1 12                  38     HEAT
 0.0000000e+00 2.3587200e+07 3.2400000E+07 3.2508000E+07
 3.4819200e+07 4.5187200e+07 5.9875200e+07 5.9940000e+07
 6.1603200e+07 7.0243200e+07 7.0308000e+07 7.0416000e+07
 7.0480800e+07 7.2144000e+07 7.2208800e+07 7.3958400e+07
 7.4476800e+07 7.8192000e+07 7.8321600e+07 8.5708800E+07
 8.5881600E+07 9.2707200e+07 9.2772000e+07 9.4435200e+07
 9.5299200e+07 9.5407200e+07 9.9705600e+07 1.0877760e+08
 1.1862700E+08 1.1893000E+08 1.2242880e+08 1.2251520e+08
 1.3115520e+08 1.3642560e+08 1.3649040e+08 1.4091840e+08
 1.5344640e+08 2.7967680e+08
 0.0000000e+00 7.2692910e+01 0.0000000e+00 7.2692910e+01
 7.0697840e+01 7.0888140e+01 0.0000000e+00 7.1044040e+01
 7.0137680e+01 0.0000000e+00 7.0137680e+01 0.0000000e+00
 6.8158380e+01 0.0000000e+00 6.8158380e+01 0.0000000e+00
 6.8158380e+01 0.0000000e+00 6.8158380e+01 0.0000000e+00
 6.8158380e+01 0.0000000e+00 6.9877190e+01 6.5789640e+01
 0.0000000e+00 6.5789640e+01 6.1360790e+01 5.7730770e+01
 0.0000000e+00 5.7730770e+01 0.0000000e+00 5.7730770e+01
 5.4588500e+01 0.0000000e+00 5.4588500e+01 5.1660760e+01
 0.0000000e+00 0.0000000e+00
m1371W1 13                  38     HEAT
 0.0000000e+00 2.3587200e+07 3.2400000E+07 3.2508000E+07
 3.4819200e+07 4.5187200e+07 5.9875200e+07 5.9940000e+07
 6.1603200e+07 7.0243200e+07 7.0308000e+07 7.0416000e+07
 7.0480800e+07 7.2144000e+07 7.2208800e+07 7.3958400e+07
 7.4476800e+07 7.8192000e+07 7.8321600e+07 8.5708800E+07
 8.5881600E+07 9.2707200e+07 9.2772000e+07 9.4435200e+07
 9.5299200e+07 9.5407200e+07 9.9705600e+07 1.0877760e+08
 1.1862700E+08 1.1893000E+08 1.2242880e+08 1.2251520e+08
 1.3115520e+08 1.3642560e+08 1.3649040e+08 1.4091840e+08
 1.5344640e+08 2.7967680e+08
 0.0000000e+00 6.4533360e+01 0.0000000e+00 6.4533360e+01
 6.2762230e+01 6.2931170e+01 0.0000000e+00 6.3069570e+01
 6.2264940e+01 0.0000000e+00 6.2264940e+01 0.0000000e+00
 6.0507820e+01 0.0000000e+00 6.0507820e+01 0.0000000e+00
 6.0507820e+01 0.0000000e+00 6.0507820e+01 0.0000000e+00
 6.0507820e+01 0.0000000e+00 6.2033690e+01 5.8404960e+01
 0.0000000e+00 5.8404960e+01 5.4473230e+01 5.1250670e+01
 0.0000000e+00 5.1250670e+01 0.0000000e+00 5.1250670e+01
 4.8461110e+01 0.0000000e+00 4.8461110e+01 4.5862000e+01
 0.0000000e+00 0.0000000e+00
m1378W1 14                  38     HEAT
 0.0000000e+00 2.3587200e+07 3.2400000E+07 3.2508000E+07
 3.4819200e+07 4.5187200e+07 5.9875200e+07 5.9940000e+07
 6.1603200e+07 7.0243200e+07 7.0308000e+07 7.0416000e+07
 7.0480800e+07 7.2144000e+07 7.2208800e+07 7.3958400e+07
 7.4476800e+07 7.8192000e+07 7.8321600e+07 8.5708800E+07
 8.5881600E+07 9.2707200e+07 9.2772000e+07 9.4435200e+07
 9.5299200e+07 9.5407200e+07 9.9705600e+07 1.0877760e+08
 1.1862700E+08 1.1893000E+08 1.2242880e+08 1.2251520e+08
 1.3115520e+08 1.3642560e+08 1.3649040e+08 1.4091840e+08
 1.5344640e+08 2.7967680e+08
 0.0000000e+00 3.6774060e+01 0.0000000e+00 3.6774060e+01
 3.5764790e+01 3.5861060e+01 0.0000000e+00 3.5939920e+01
 3.5481410e+01 0.0000000e+00 3.5481410e+01 0.0000000e+00
 3.4480120e+01 0.0000000e+00 3.4480120e+01 0.0000000e+00
 3.4480120e+01 0.0000000e+00 3.4480120e+01 0.0000000e+00
 3.4480120e+01 0.0000000e+00 3.5349640e+01 3.3281820e+01
 0.0000000e+00 3.3281820e+01 3.1041340e+01 2.9204980e+01
 0.0000000e+00 2.9204980e+01 0.0000000e+00 2.9204980e+01
 2.7615360e+01 0.0000000e+00 2.7615360e+01 2.6134270e+01
 0.0000000e+00 0.0000000e+00
m1620W1 15                  32     HEAT
 0.0000000e+00 2.3587200e+07 3.4819200e+07 4.5187200e+07
 5.9875200e+07 5.9940000e+07 6.1603200e+07 7.0243200e+07
 7.0308000e+07 7.0416000e+07 7.0480800e+07 7.2144000e+07
 7.2208800e+07 7.3958400e+07 7.4476800e+07 7.8192000e+07
 7.8321600e+07 9.2707200e+07 9.2772000e+07 9.4435200e+07
 9.5299200e+07 9.5407200e+07 9.9705600e+07 1.0877760e+08
 1.2242880e+08 1.2251520e+08 1.3115520e+08 1.3642560e+08
 1.3649040e+08 1.4091840e+08 1.5344640e+08 2.7967680e+08
 0.0000000e+00 2.3413150e+01 2.2770570e+01 2.2831860e+01
 0.0000000e+00 2.2882070e+01 2.2590150e+01 0.0000000e+00
 2.2590150e+01 0.0000000e+00 2.1952650e+01 0.0000000e+00
 2.1952650e+01 0.0000000e+00 2.1952650e+01 0.0000000e+00
 2.1952650e+01 0.0000000e+00 2.2506250e+01 2.1189720e+01
 0.0000000e+00 2.1189720e+01 1.9763260e+01 1.8594090e+01
 0.0000000e+00 1.8594090e+01 1.7582020e+01 0.0000000e+00
 1.7582020e+01 1.6639050e+01 0.0000000e+00 0.0000000e+00
m1630W1 16                  32     HEAT
 0.0000000e+00 2.3587200e+07 3.4819200e+07 4.5187200e+07
 5.9875200e+07 5.9940000e+07 6.1603200e+07 7.0243200e+07
 7.0308000e+07 7.0416000e+07 7.0480800e+07 7.2144000e+07
 7.2208800e+07 7.3958400e+07 7.4476800e+07 7.8192000e+07
 7.8321600e+07 9.2707200e+07 9.2772000e+07 9.4435200e+07
 9.5299200e+07 9.5407200e+07 9.9705600e+07 1.0877760e+08
 1.2242880e+08 1.2251520e+08 1.3115520e+08 1.3642560e+08
 1.3649040e+08 1.4091840e+08 1.5344640e+08 2.7967680e+08
 0.0000000e+00 1.8211780e+01 1.7711960e+01 1.7759630e+01
 0.0000000e+00 1.7798690e+01 1.7571620e+01 0.0000000e+00
 1.7571620e+01 0.0000000e+00 1.7075750e+01 0.0000000e+00
 1.7075750e+01 0.0000000e+00 1.7075750e+01 0.0000000e+00
 1.7075750e+01 0.0000000e+00 1.7506360e+01 1.6482300e+01
 0.0000000e+00 1.6482300e+01 1.5372740e+01 1.4463310e+01
 0.0000000e+00 1.4463310e+01 1.3676080e+01 0.0000000e+00
 1.3676080e+01 1.2942590e+01 0.0000000e+00 0.0000000e+00
m1667W1 17                  32     HEAT
 0.0000000e+00 2.3587200e+07 3.4819200e+07 4.5187200e+07
 5.9875200e+07 5.9940000e+07 6.1603200e+07 7.0243200e+07
 7.0308000e+07 7.0416000e+07 7.0480800e+07 7.2144000e+07
 7.2208800e+07 7.3958400e+07 7.4476800e+07 7.8192000e+07
 7.8321600e+07 9.2707200e+07 9.2772000e+07 9.4435200e+07
 9.5299200e+07 9.5407200e+07 9.9705600e+07 1.0877760e+08
 1.2242880e+08 1.2251520e+08 1.3115520e+08 1.3642560e+08
 1.3649040e+08 1.4091840e+08 1.5344640e+08 2.7967680e+08
 0.0000000e+00 2.3413150e+01 2.2770570e+01 2.2831860e+01
 0.0000000e+00 2.2882070e+01 2.2590150e+01 0.0000000e+00
 2.2590150e+01 0.0000000e+00 2.1952650e+01 0.0000000e+00
 2.1952650e+01 0.0000000e+00 2.1952650e+01 0.0000000e+00
 2.1952650e+01 0.0000000e+00 2.2506250e+01 2.1189720e+01
 0.0000000e+00 2.1189720e+01 1.9763260e+01 1.8594090e+01
 0.0000000e+00 1.8594090e+01 1.7582020e+01 0.0000000e+00
 1.7582020e+01 1.6639050e+01 0.0000000e+00 0.0000000e+00
m1677W1 18                  32     HEAT
 0.0000000e+00 2.3587200e+07 3.4819200e+07 4.5187200e+07
 5.9875200e+07 5.9940000e+07 6.1603200e+07 7.0243200e+07
 7.0308000e+07 7.0416000e+07 7.0480800e+07 7.2144000e+07
 7.2208800e+07 7.3958400e+07 7.4476800e+07 7.8192000e+07
 7.8321600e+07 9.2707200e+07 9.2772000e+07 9.4435200e+07
 9.5299200e+07 9.5407200e+07 9.9705600e+07 1.0877760e+08
 1.2242880e+08 1.2251520e+08 1.3115520e+08 1.3642560e+08
 1.3649040e+08 1.4091840e+08 1.5344640e+08 2.7967680e+08
 0.0000000e+00 1.8211780e+01 1.7711960e+01 1.7759630e+01
 0.0000000e+00 1.7798690e+01 1.7571620e+01 0.0000000e+00
 1.7571620e+01 0.0000000e+00 1.7075750e+01 0.0000000e+00
 1.7075750e+01 0.0000000e+00 1.7075750e+01 0.0000000e+00
 1.7075750e+01 0.0000000e+00 1.7506360e+01 1.6482300e+01
 0.0000000e+00 1.6482300e+01 1.5372740e+01 1.4463310e+01
 0.0000000e+00 1.4463310e+01 1.3676080e+01 0.0000000e+00
 1.3676080e+01 1.2942590e+01 0.0000000e+00 0.0000000e+00
m1716W1 19                  32     HEAT
 0.0000000e+00 2.3587200e+07 3.4819200e+07 4.5187200e+07
 5.9875200e+07 5.9940000e+07 6.1603200e+07 7.0243200e+07
 7.0308000e+07 7.0416000e+07 7.0480800e+07 7.2144000e+07
 7.2208800e+07 7.3958400e+07 7.4476800e+07 7.8192000e+07
 7.8321600e+07 9.2707200e+07 9.2772000e+07 9.4435200e+07
 9.5299200e+07 9.5407200e+07 9.9705600e+07 1.0877760e+08
 1.2242880e+08 1.2251520e+08 1.3115520e+08 1.3642560e+08
 1.3649040e+08 1.4091840e+08 1.5344640e+08 2.7967680e+08
 0.0000000e+00 3.6437590e+01 3.5437550e+01 3.5532940e+01
 0.0000000e+00 3.5611080e+01 3.5156760e+01 0.0000000e+00
 3.5156760e+01 0.0000000e+00 3.4164640e+01 0.0000000e+00
 3.4164640e+01 0.0000000e+00 3.4164640e+01 0.0000000e+00
 3.4164640e+01 0.0000000e+00 3.5026190e+01 3.2977300e+01
 0.0000000e+00 3.2977300e+01 3.0757320e+01 2.8937760e+01
 0.0000000e+00 2.8937760e+01 2.7362680e+01 0.0000000e+00
 2.7362680e+01 2.5895140e+01 0.0000000e+00 0.0000000e+00
m1724W1 20                  32     HEAT
 0.0000000e+00 2.3587200e+07 3.4819200e+07 4.5187200e+07
 5.9875200e+07 5.9940000e+07 6.1603200e+07 7.0243200e+07
 7.0308000e+07 7.0416000e+07 7.0480800e+07 7.2144000e+07
 7.2208800e+07 7.3958400e+07 7.4476800e+07 7.8192000e+07
 7.8321600e+07 9.2707200e+07 9.2772000e+07 9.4435200e+07
 9.5299200e+07 9.5407200e+07 9.9705600e+07 1.0877760e+08
 1.2242880e+08 1.2251520e+08 1.3115520e+08 1.3642560e+08
 1.3649040e+08 1.4091840e+08 1.5344640e+08 2.7967680e+08
 0.0000000e+00 5.6037330e+01 5.4499380e+01 5.4646080e+01
 0.0000000e+00 5.4766250e+01 5.4067560e+01 0.0000000e+00
 5.4067560e+01 0.0000000e+00 5.2541770e+01 0.0000000e+00
 5.2541770e+01 0.0000000e+00 5.2541770e+01 0.0000000e+00
 5.2541770e+01 0.0000000e+00 5.3866750e+01 5.0715760e+01
 0.0000000e+00 5.0715760e+01 4.7301650e+01 4.4503350e+01
 0.0000000e+00 4.4503350e+01 4.2081050e+01 0.0000000e+00
 4.2081050e+01 3.9824120e+01 0.0000000e+00 0.0000000e+00
m1732W1 21                  32     HEAT
 0.0000000e+00 2.3587200e+07 3.4819200e+07 4.5187200e+07
 5.9875200e+07 5.9940000e+07 6.1603200e+07 7.0243200e+07
 7.0308000e+07 7.0416000e+07 7.0480800e+07 7.2144000e+07
 7.2208800e+07 7.3958400e+07 7.4476800e+07 7.8192000e+07
 7.8321600e+07 9.2707200e+07 9.2772000e+07 9.4435200e+07
 9.5299200e+07 9.5407200e+07 9.9705600e+07 1.0877760e+08
 1.2242880e+08 1.2251520e+08 1.3115520e+08 1.3642560e+08
 1.3649040e+08 1.4091840e+08 1.5344640e+08 2.7967680e+08
 0.0000000e+00 7.2692910e+01 7.0697840e+01 7.0888140e+01
 0.0000000e+00 7.1044040e+01 7.0137680e+01 0.0000000e+00
 7.0137680e+01 0.0000000e+00 6.8158380e+01 0.0000000e+00
 6.8158380e+01 0.0000000e+00 6.8158380e+01 0.0000000e+00
 6.8158380e+01 0.0000000e+00 6.9877190e+01 6.5789640e+01
 0.0000000e+00 6.5789640e+01 6.1360790e+01 5.7730770e+01
 0.0000000e+00 5.7730770e+01 5.4588500e+01 0.0000000e+00
 5.4588500e+01 5.1660760e+01 0.0000000e+00 0.0000000e+00
m1740W1 22                  32     HEAT
 0.0000000e+00 2.3587200e+07 3.4819200e+07 4.5187200e+07
 5.9875200e+07 5.9940000e+07 6.1603200e+07 7.0243200e+07
 7.0308000e+07 7.0416000e+07 7.0480800e+07 7.2144000e+07
 7.2208800e+07 7.3958400e+07 7.4476800e+07 7.8192000e+07
 7.8321600e+07 9.2707200e+07 9.2772000e+07 9.4435200e+07
 9.5299200e+07 9.5407200e+07 9.9705600e+07 1.0877760e+08
 1.2242880e+08 1.2251520e+08 1.3115520e+08 1.3642560e+08
 1.3649040e+08 1.4091840e+08 1.5344640e+08 2.7967680e+08
 0.0000000e+00 6.4533360e+01 6.2762230e+01 6.2931170e+01
 0.0000000e+00 6.3069570e+01 6.2264940e+01 0.0000000e+00
 6.2264940e+01 0.0000000e+00 6.0507820e+01 0.0000000e+00
 6.0507820e+01 0.0000000e+00 6.0507820e+01 0.0000000e+00
 6.0507820e+01 0.0000000e+00 6.2033690e+01 5.8404960e+01
 0.0000000e+00 5.8404960e+01 5.4473230e+01 5.1250670e+01
 0.0000000e+00 5.1250670e+01 4.8461110e+01 0.0000000e+00
 4.8461110e+01 4.5862000e+01 0.0000000e+00 0.0000000e+00
m1748W1 23                  32     HEAT
 0.0000000e+00 2.3587200e+07 3.4819200e+07 4.5187200e+07
 5.9875200e+07 5.9940000e+07 6.1603200e+07 7.0243200e+07
 7.0308000e+07 7.0416000e+07 7.0480800e+07 7.2144000e+07
 7.2208800e+07 7.3958400e+07 7.4476800e+07 7.8192000e+07
 7.8321600e+07 9.2707200e+07 9.2772000e+07 9.4435200e+07
 9.5299200e+07 9.5407200e+07 9.9705600e+07 1.0877760e+08
 1.2242880e+08 1.2251520e+08 1.3115520e+08 1.3642560e+08
 1.3649040e+08 1.4091840e+08 1.5344640e+08 2.7967680e+08
 0.0000000e+00 3.6774060e+01 3.5764790e+01 3.5861060e+01
 0.0000000e+00 3.5939920e+01 3.5481410e+01 0.0000000e+00
 3.5481410e+01 0.0000000e+00 3.4480120e+01 0.0000000e+00
 3.4480120e+01 0.0000000e+00 3.4480120e+01 0.0000000e+00
 3.4480120e+01 0.0000000e+00 3.5349640e+01 3.3281820e+01
 0.0000000e+00 3.3281820e+01 3.1041340e+01 2.9204980e+01
 0.0000000e+00 2.9204980e+01 2.7615360e+01 0.0000000e+00
 2.7615360e+01 2.6134270e+01 0.0000000e+00 0.0000000e+00
m1977W1 24                  32     HEAT
 0.0000000e+00 2.3587200e+07 3.4819200e+07 4.5187200e+07
 5.9875200e+07 5.9940000e+07 6.1603200e+07 7.0243200e+07
 7.0308000e+07 7.0416000e+07 7.0480800e+07 7.2144000e+07
 7.2208800e+07 7.3958400e+07 7.4476800e+07 7.8192000e+07
 7.8321600e+07 9.2707200e+07 9.2772000e+07 9.4435200e+07
 9.5299200e+07 9.5407200e+07 9.9705600e+07 1.0877760e+08
 1.2242880e+08 1.2251520e+08 1.3115520e+08 1.3642560e+08
 1.3649040e+08 1.4091840e+08 1.5344640e+08 2.7967680e+08
 0.0000000e+00 3.6437590e+01 3.5437550e+01 3.5532940e+01
 0.0000000e+00 3.5611080e+01 3.5156760e+01 0.0000000e+00
 3.5156760e+01 0.0000000e+00 3.4164640e+01 0.0000000e+00
 3.4164640e+01 0.0000000e+00 3.4164640e+01 0.0000000e+00
 3.4164640e+01 0.0000000e+00 3.5026190e+01 3.2977300e+01
 0.0000000e+00 3.2977300e+01 3.0757320e+01 2.8937760e+01
 0.0000000e+00 2.8937760e+01 2.7362680e+01 0.0000000e+00
 2.7362680e+01 2.5895140e+01 0.0000000e+00 0.0000000e+00
m1985W1 25                  32     HEAT
 0.0000000e+00 2.3587200e+07 3.4819200e+07 4.5187200e+07
 5.9875200e+07 5.9940000e+07 6.1603200e+07 7.0243200e+07
 7.0308000e+07 7.0416000e+07 7.0480800e+07 7.2144000e+07
 7.2208800e+07 7.3958400e+07 7.4476800e+07 7.8192000e+07
 7.8321600e+07 9.2707200e+07 9.2772000e+07 9.4435200e+07
 9.5299200e+07 9.5407200e+07 9.9705600e+07 1.0877760e+08
 1.2242880e+08 1.2251520e+08 1.3115520e+08 1.3642560e+08
 1.3649040e+08 1.4091840e+08 1.5344640e+08 2.7967680e+08
 0.0000000e+00 5.6037330e+01 5.4499380e+01 5.4646080e+01
 0.0000000e+00 5.4766250e+01 5.4067560e+01 0.0000000e+00
 5.4067560e+01 0.0000000e+00 5.2541770e+01 0.0000000e+00
 5.2541770e+01 0.0000000e+00 5.2541770e+01 0.0000000e+00
 5.2541770e+01 0.0000000e+00 5.3866750e+01 5.0715760e+01
 0.0000000e+00 5.0715760e+01 4.7301650e+01 4.4503350e+01
 0.0000000e+00 4.4503350e+01 4.2081050e+01 0.0000000e+00
 4.2081050e+01 3.9824120e+01 0.0000000e+00 0.0000000e+00
m1993W1 26                  32     HEAT
 0.0000000e+00 2.3587200e+07 3.4819200e+07 4.5187200e+07
 5.9875200e+07 5.9940000e+07 6.1603200e+07 7.0243200e+07
 7.0308000e+07 7.0416000e+07 7.0480800e+07 7.2144000e+07
 7.2208800e+07 7.3958400e+07 7.4476800e+07 7.8192000e+07
 7.8321600e+07 9.2707200e+07 9.2772000e+07 9.4435200e+07
 9.5299200e+07 9.5407200e+07 9.9705600e+07 1.0877760e+08
 1.2242880e+08 1.2251520e+08 1.3115520e+08 1.3642560e+08
 1.3649040e+08 1.4091840e+08 1.5344640e+08 2.7967680e+08
 0.0000000e+00 7.2692910e+01 7.0697840e+01 7.0888140e+01
 0.0000000e+00 7.1044040e+01 7.0137680e+01 0.0000000e+00
 7.0137680e+01 0.0000000e+00 6.8158380e+01 0.0000000e+00
 6.8158380e+01 0.0000000e+00 6.8158380e+01 0.0000000e+00
 6.8158380e+01 0.0000000e+00 6.9877190e+01 6.5789640e+01
 0.0000000e+00 6.5789640e+01 6.1360790e+01 5.7730770e+01
 0.0000000e+00 5.7730770e+01 5.4588500e+01 0.0000000e+00
 5.4588500e+01 5.1660760e+01 0.0000000e+00 0.0000000e+00
m2001W1 27                  32     HEAT
 0.0000000e+00 2.3587200e+07 3.4819200e+07 4.5187200e+07
 5.9875200e+07 5.9940000e+07 6.1603200e+07 7.0243200e+07
 7.0308000e+07 7.0416000e+07 7.0480800e+07 7.2144000e+07
 7.2208800e+07 7.3958400e+07 7.4476800e+07 7.8192000e+07
 7.8321600e+07 9.2707200e+07 9.2772000e+07 9.4435200e+07
 9.5299200e+07 9.5407200e+07 9.9705600e+07 1.0877760e+08
 1.2242880e+08 1.2251520e+08 1.3115520e+08 1.3642560e+08
 1.3649040e+08 1.4091840e+08 1.5344640e+08 2.7967680e+08
 0.0000000e+00 6.4533360e+01 6.2762230e+01 6.2931170e+01
 0.0000000e+00 6.3069570e+01 6.2264940e+01 0.0000000e+00
 6.2264940e+01 0.0000000e+00 6.0507820e+01 0.0000000e+00
 6.0507820e+01 0.0000000e+00 6.0507820e+01 0.0000000e+00
 6.0507820e+01 0.0000000e+00 6.2033690e+01 5.8404960e+01
 0.0000000e+00 5.8404960e+01 5.4473230e+01 5.1250670e+01
 0.0000000e+00 5.1250670e+01 4.8461110e+01 0.0000000e+00
 4.8461110e+01 4.5862000e+01 0.0000000e+00 0.0000000e+00
m2009W1 28                  32     HEAT
 0.0000000e+00 2.3587200e+07 3.4819200e+07 4.5187200e+07
 5.9875200e+07 5.9940000e+07 6.1603200e+07 7.0243200e+07
 7.0308000e+07 7.0416000e+07 7.0480800e+07 7.2144000e+07
 7.2208800e+07 7.3958400e+07 7.4476800e+07 7.8192000e+07
 7.8321600e+07 9.2707200e+07 9.2772000e+07 9.4435200e+07
 9.5299200e+07 9.5407200e+07 9.9705600e+07 1.0877760e+08
 1.2242880e+08 1.2251520e+08 1.3115520e+08 1.3642560e+08
 1.3649040e+08 1.4091840e+08 1.5344640e+08 2.7967680e+08
 0.0000000e+00 3.6774060e+01 3.5764790e+01 3.5861060e+01
 0.0000000e+00 3.5939920e+01 3.5481410e+01 0.0000000e+00
 3.5481410e+01 0.0000000e+00 3.4480120e+01 0.0000000e+00
 3.4480120e+01 0.0000000e+00 3.4480120e+01 0.0000000e+00
 3.4480120e+01 0.0000000e+00 3.5349640e+01 3.3281820e+01
 0.0000000e+00 3.3281820e+01 3.1041340e+01 2.9204980e+01
 0.0000000e+00 2.9204980e+01 2.7615360e+01 0.0000000e+00
 2.7615360e+01 2.6134270e+01 0.0000000e+00 0.0000000e+00
m1129W2  1                  38     HEAT
 0.0000000e+00 2.3587200e+07 3.2400000E+07 3.2508000E+07
 3.4819200e+07 4.5187200e+07 5.9875200e+07 5.9940000e+07
 6.1603200e+07 7.0243200e+07 7.0308000e+07 7.0416000e+07
 7.0480800e+07 7.2144000e+07 7.2208800e+07 7.3958400e+07
 7.4476800e+07 7.8192000e+07 7.8321600e+07 8.5708800E+07
 8.5881600E+07 9.2707200e+07 9.2772000e+07 9.4435200e+07
 9.5299200e+07 9.5407200e+07 9.9705600e+07 1.0877760e+08
 1.1862700E+08 1.1893000E+08 1.2242880e+08 1.2251520e+08
 1.3115520e+08 1.3642560e+08 1.3649040e+08 1.4091840e+08
 1.5344640e+08 2.7967680e+08
 0.0000000e+00 4.7853220e+01 0.0000000e+00 4.7853220e+01
 4.6539880e+01 4.6665150e+01 0.0000000e+00 4.6767780e+01
 4.6171130e+01 0.0000000e+00 4.6171130e+01 0.0000000e+00
 4.4868170e+01 0.0000000e+00 4.4868170e+01 0.0000000e+00
 4.4868170e+01 0.0000000e+00 4.4868170e+01 0.0000000e+00
 4.4868170e+01 0.0000000e+00 4.5999650e+01 4.3308850e+01
 0.0000000e+00 4.3308850e+01 4.0393360e+01 3.8003750e+01
 0.0000000e+00 3.8003750e+01 0.0000000e+00 3.8003750e+01
 3.5935220e+01 0.0000000e+00 3.5935220e+01 3.4007910e+01
 0.0000000e+00 0.0000000e+00
m1136W2  2                  38     HEAT
 0.0000000e+00 2.3587200e+07 3.2400000E+07 3.2508000E+07
 3.4819200e+07 4.5187200e+07 5.9875200e+07 5.9940000e+07
 6.1603200e+07 7.0243200e+07 7.0308000e+07 7.0416000e+07
 7.0480800e+07 7.2144000e+07 7.2208800e+07 7.3958400e+07
 7.4476800e+07 7.8192000e+07 7.8321600e+07 8.5708800E+07
 8.5881600E+07 9.2707200e+07 9.2772000e+07 9.4435200e+07
 9.5299200e+07 9.5407200e+07 9.9705600e+07 1.0877760e+08
 1.1862700E+08 1.1893000E+08 1.2242880e+08 1.2251520e+08
 1.3115520e+08 1.3642560e+08 1.3649040e+08 1.4091840e+08
 1.5344640e+08 2.7967680e+08
 0.0000000e+00 9.5947000e+01 0.0000000e+00 9.5947000e+01
 9.3313720e+01 9.3564900e+01 0.0000000e+00 9.3770660e+01
 9.2574360e+01 0.0000000e+00 9.2574360e+01 0.0000000e+00
 8.9961900e+01 0.0000000e+00 8.9961900e+01 0.0000000e+00
 8.9961900e+01 0.0000000e+00 8.9961900e+01 0.0000000e+00
 8.9961900e+01 0.0000000e+00 9.2230540e+01 8.6835410e+01
 0.0000000e+00 8.6835410e+01 8.0989790e+01 7.6198540e+01
 0.0000000e+00 7.6198540e+01 0.0000000e+00 7.6198540e+01
 7.2051090e+01 0.0000000e+00 7.2051090e+01 6.8186770e+01
 0.0000000e+00 0.0000000e+00
m1143W2  3                  38     HEAT
 0.0000000e+00 2.3587200e+07 3.2400000E+07 3.2508000E+07
 3.4819200e+07 4.5187200e+07 5.9875200e+07 5.9940000e+07
 6.1603200e+07 7.0243200e+07 7.0308000e+07 7.0416000e+07
 7.0480800e+07 7.2144000e+07 7.2208800e+07 7.3958400e+07
 7.4476800e+07 7.8192000e+07 7.8321600e+07 8.5708800E+07
 8.5881600E+07 9.2707200e+07 9.2772000e+07 9.4435200e+07
 9.5299200e+07 9.5407200e+07 9.9705600e+07 1.0877760e+08
 1.1862700E+08 1.1893000E+08 1.2242880e+08 1.2251520e+08
 1.3115520e+08 1.3642560e+08 1.3649040e+08 1.4091840e+08
 1.5344640e+08 2.7967680e+08
 0.0000000e+00 1.2640580e+02 0.0000000e+00 1.2640580e+02
 1.2293660e+02 1.2326750e+02 0.0000000e+00 1.2353850e+02
 1.2196250e+02 0.0000000e+00 1.2196250e+02 0.0000000e+00
 1.1852070e+02 0.0000000e+00 1.1852070e+02 0.0000000e+00
 1.1852070e+02 0.0000000e+00 1.1852070e+02 0.0000000e+00
 1.1852070e+02 0.0000000e+00 1.2150950e+02 1.1440170e+02
 0.0000000e+00 1.1440170e+02 1.0670030e+02 1.0038810e+02
 0.0000000e+00 1.0038810e+02 0.0000000e+00 1.0038810e+02
 9.4924000e+01 0.0000000e+00 9.4924000e+01 8.9832950e+01
 0.0000000e+00 0.0000000e+00
m1150W2  4                  38     HEAT
 0.0000000e+00 2.3587200e+07 3.2400000E+07 3.2508000E+07
 3.4819200e+07 4.5187200e+07 5.9875200e+07 5.9940000e+07
 6.1603200e+07 7.0243200e+07 7.0308000e+07 7.0416000e+07
 7.0480800e+07 7.2144000e+07 7.2208800e+07 7.3958400e+07
 7.4476800e+07 7.8192000e+07 7.8321600e+07 8.5708800E+07
 8.5881600E+07 9.2707200e+07 9.2772000e+07 9.4435200e+07
 9.5299200e+07 9.5407200e+07 9.9705600e+07 1.0877760e+08
 1.1862700E+08 1.1893000E+08 1.2242880e+08 1.2251520e+08
 1.3115520e+08 1.3642560e+08 1.3649040e+08 1.4091840e+08
 1.5344640e+08 2.7967680e+08
 0.0000000e+00 9.4115040e+01 0.0000000e+00 9.4115040e+01
 9.1532030e+01 9.1778410e+01 0.0000000e+00 9.1980250e+01
 9.0806790e+01 0.0000000e+00 9.0806790e+01 0.0000000e+00
 8.8244210e+01 0.0000000e+00 8.8244210e+01 0.0000000e+00
 8.8244210e+01 0.0000000e+00 8.8244210e+01 0.0000000e+00
 8.8244210e+01 0.0000000e+00 9.0469530e+01 8.5177420e+01
 0.0000000e+00 8.5177420e+01 7.9443410e+01 7.4743650e+01
 0.0000000e+00 7.4743650e+01 0.0000000e+00 7.4743650e+01
 7.0675370e+01 0.0000000e+00 7.0675370e+01 6.6884850e+01
 0.0000000e+00 0.0000000e+00
m1157W2  5                  38     HEAT
 0.0000000e+00 2.3587200e+07 3.2400000E+07 3.2508000E+07
 3.4819200e+07 4.5187200e+07 5.9875200e+07 5.9940000e+07
 6.1603200e+07 7.0243200e+07 7.0308000e+07 7.0416000e+07
 7.0480800e+07 7.2144000e+07 7.2208800e+07 7.3958400e+07
 7.4476800e+07 7.8192000e+07 7.8321600e+07 8.5708800E+07
 8.5881600E+07 9.2707200e+07 9.2772000e+07 9.4435200e+07
 9.5299200e+07 9.5407200e+07 9.9705600e+07 1.0877760e+08
 1.1862700E+08 1.1893000E+08 1.2242880e+08 1.2251520e+08
 1.3115520e+08 1.3642560e+08 1.3649040e+08 1.4091840e+08
 1.5344640e+08 2.7967680e+08
 0.0000000e+00 4.2375820e+01 0.0000000e+00 4.2375820e+01
 4.1212810e+01 4.1323740e+01 0.0000000e+00 4.1414620e+01
 4.0886260e+01 0.0000000e+00 4.0886260e+01 0.0000000e+00
 3.9732450e+01 0.0000000e+00 3.9732450e+01 0.0000000e+00
 3.9732450e+01 0.0000000e+00 3.9732450e+01 0.0000000e+00
 3.9732450e+01 0.0000000e+00 4.0734410e+01 3.8351610e+01
 0.0000000e+00 3.8351610e+01 3.5769840e+01 3.3653750e+01
 0.0000000e+00 3.3653750e+01 0.0000000e+00 3.3653750e+01
 3.1821980e+01 0.0000000e+00 3.1821980e+01 3.0115280e+01
 0.0000000e+00 0.0000000e+00
m1399W2  6                  38     HEAT
 0.0000000e+00 2.3587200e+07 3.2400000E+07 3.2508000E+07
 3.4819200e+07 4.5187200e+07 5.9875200e+07 5.9940000e+07
 6.1603200e+07 7.0243200e+07 7.0308000e+07 7.0416000e+07
 7.0480800e+07 7.2144000e+07 7.2208800e+07 7.3958400e+07
 7.4476800e+07 7.8192000e+07 7.8321600e+07 8.5708800E+07
 8.5881600E+07 9.2707200e+07 9.2772000e+07 9.4435200e+07
 9.5299200e+07 9.5407200e+07 9.9705600e+07 1.0877760e+08
 1.1862700E+08 1.1893000E+08 1.2242880e+08 1.2251520e+08
 1.3115520e+08 1.3642560e+08 1.3649040e+08 1.4091840e+08
 1.5344640e+08 2.7967680e+08
 0.0000000e+00 4.7853220e+01 0.0000000e+00 4.7853220e+01
 4.6539880e+01 4.6665150e+01 0.0000000e+00 4.6767780e+01
 4.6171130e+01 0.0000000e+00 4.6171130e+01 0.0000000e+00
 4.4868170e+01 0.0000000e+00 4.4868170e+01 0.0000000e+00
 4.4868170e+01 0.0000000e+00 4.4868170e+01 0.0000000e+00
 4.4868170e+01 0.0000000e+00 4.5999650e+01 4.3308850e+01
 0.0000000e+00 4.3308850e+01 4.0393360e+01 3.8003750e+01
 0.0000000e+00 3.8003750e+01 0.0000000e+00 3.8003750e+01
 3.5935220e+01 0.0000000e+00 3.5935220e+01 3.4007910e+01
 0.0000000e+00 0.0000000e+00
m1406W2  7                  38     HEAT
 0.0000000e+00 2.3587200e+07 3.2400000E+07 3.2508000E+07
 3.4819200e+07 4.5187200e+07 5.9875200e+07 5.9940000e+07
 6.1603200e+07 7.0243200e+07 7.0308000e+07 7.0416000e+07
 7.0480800e+07 7.2144000e+07 7.2208800e+07 7.3958400e+07
 7.4476800e+07 7.8192000e+07 7.8321600e+07 8.5708800E+07
 8.5881600E+07 9.2707200e+07 9.2772000e+07 9.4435200e+07
 9.5299200e+07 9.5407200e+07 9.9705600e+07 1.0877760e+08
 1.1862700E+08 1.1893000E+08 1.2242880e+08 1.2251520e+08
 1.3115520e+08 1.3642560e+08 1.3649040e+08 1.4091840e+08
 1.5344640e+08 2.7967680e+08
 0.0000000e+00 9.5947000e+01 0.0000000e+00 9.5947000e+01
 9.3313720e+01 9.3564900e+01 0.0000000e+00 9.3770660e+01
 9.2574360e+01 0.0000000e+00 9.2574360e+01 0.0000000e+00
 8.9961900e+01 0.0000000e+00 8.9961900e+01 0.0000000e+00
 8.9961900e+01 0.0000000e+00 8.9961900e+01 0.0000000e+00
 8.9961900e+01 0.0000000e+00 9.2230540e+01 8.6835410e+01
 0.0000000e+00 8.6835410e+01 8.0989790e+01 7.6198540e+01
 0.0000000e+00 7.6198540e+01 0.0000000e+00 7.6198540e+01
 7.2051090e+01 0.0000000e+00 7.2051090e+01 6.8186770e+01
 0.0000000e+00 0.0000000e+00
m1413W2  8                  38     HEAT
 0.0000000e+00 2.3587200e+07 3.2400000E+07 3.2508000E+07
 3.4819200e+07 4.5187200e+07 5.9875200e+07 5.9940000e+07
 6.1603200e+07 7.0243200e+07 7.0308000e+07 7.0416000e+07
 7.0480800e+07 7.2144000e+07 7.2208800e+07 7.3958400e+07
 7.4476800e+07 7.8192000e+07 7.8321600e+07 8.5708800E+07
 8.5881600E+07 9.2707200e+07 9.2772000e+07 9.4435200e+07
 9.5299200e+07 9.5407200e+07 9.9705600e+07 1.0877760e+08
 1.1862700E+08 1.1893000E+08 1.2242880e+08 1.2251520e+08
 1.3115520e+08 1.3642560e+08 1.3649040e+08 1.4091840e+08
 1.5344640e+08 2.7967680e+08
 0.0000000e+00 1.2640580e+02 0.0000000e+00 1.2640580e+02
 1.2293660e+02 1.2326750e+02 0.0000000e+00 1.2353850e+02
 1.2196250e+02 0.0000000e+00 1.2196250e+02 0.0000000e+00
 1.1852070e+02 0.0000000e+00 1.1852070e+02 0.0000000e+00
 1.1852070e+02 0.0000000e+00 1.1852070e+02 0.0000000e+00
 1.1852070e+02 0.0000000e+00 1.2150950e+02 1.1440170e+02
 0.0000000e+00 1.1440170e+02 1.0670030e+02 1.0038810e+02
 0.0000000e+00 1.0038810e+02 0.0000000e+00 1.0038810e+02
 9.4924000e+01 0.0000000e+00 9.4924000e+01 8.9832950e+01
 0.0000000e+00 0.0000000e+00
m1420W2  9                  38     HEAT
 0.0000000e+00 2.3587200e+07 3.2400000E+07 3.2508000E+07
 3.4819200e+07 4.5187200e+07 5.9875200e+07 5.9940000e+07
 6.1603200e+07 7.0243200e+07 7.0308000e+07 7.0416000e+07
 7.0480800e+07 7.2144000e+07 7.2208800e+07 7.3958400e+07
 7.4476800e+07 7.8192000e+07 7.8321600e+07 8.5708800E+07
 8.5881600E+07 9.2707200e+07 9.2772000e+07 9.4435200e+07
 9.5299200e+07 9.5407200e+07 9.9705600e+07 1.0877760e+08
 1.1862700E+08 1.1893000E+08 1.2242880e+08 1.2251520e+08
 1.3115520e+08 1.3642560e+08 1.3649040e+08 1.4091840e+08
 1.5344640e+08 2.7967680e+08
 0.0000000e+00 9.4115040e+01 0.0000000e+00 9.4115040e+01
 9.1532030e+01 9.1778410e+01 0.0000000e+00 9.1980250e+01
 9.0806790e+01 0.0000000e+00 9.0806790e+01 0.0000000e+00
 8.8244210e+01 0.0000000e+00 8.8244210e+01 0.0000000e+00
 8.8244210e+01 0.0000000e+00 8.8244210e+01 0.0000000e+00
 8.8244210e+01 0.0000000e+00 9.0469530e+01 8.5177420e+01
 0.0000000e+00 8.5177420e+01 7.9443410e+01 7.4743650e+01
 0.0000000e+00 7.4743650e+01 0.0000000e+00 7.4743650e+01
 7.0675370e+01 0.0000000e+00 7.0675370e+01 6.6884850e+01
 0.0000000e+00 0.0000000e+00
m1427W2 10                  38     HEAT
 0.0000000e+00 2.3587200e+07 3.2400000E+07 3.2508000E+07
 3.4819200e+07 4.5187200e+07 5.9875200e+07 5.9940000e+07
 6.1603200e+07 7.0243200e+07 7.0308000e+07 7.0416000e+07
 7.0480800e+07 7.2144000e+07 7.2208800e+07 7.3958400e+07
 7.4476800e+07 7.8192000e+07 7.8321600e+07 8.5708800E+07
 8.5881600E+07 9.2707200e+07 9.2772000e+07 9.4435200e+07
 9.5299200e+07 9.5407200e+07 9.9705600e+07 1.0877760e+08
 1.1862700E+08 1.1893000E+08 1.2242880e+08 1.2251520e+08
 1.3115520e+08 1.3642560e+08 1.3649040e+08 1.4091840e+08
 1.5344640e+08 2.7967680e+08
 0.0000000e+00 4.2375820e+01 0.0000000e+00 4.2375820e+01
 4.1212810e+01 4.1323740e+01 0.0000000e+00 4.1414620e+01
 4.0886260e+01 0.0000000e+00 4.0886260e+01 0.0000000e+00
 3.9732450e+01 0.0000000e+00 3.9732450e+01 0.0000000e+00
 3.9732450e+01 0.0000000e+00 3.9732450e+01 0.0000000e+00
 3.9732450e+01 0.0000000e+00 4.0734410e+01 3.8351610e+01
 0.0000000e+00 3.8351610e+01 3.5769840e+01 3.3653750e+01
 0.0000000e+00 3.3653750e+01 0.0000000e+00 3.3653750e+01
 3.1821980e+01 0.0000000e+00 3.1821980e+01 3.0115280e+01
 0.0000000e+00 0.0000000e+00
m1772W2 11                  32     HEAT
 0.0000000e+00 2.3587200e+07 3.4819200e+07 4.5187200e+07
 5.9875200e+07 5.9940000e+07 6.1603200e+07 7.0243200e+07
 7.0308000e+07 7.0416000e+07 7.0480800e+07 7.2144000e+07
 7.2208800e+07 7.3958400e+07 7.4476800e+07 7.8192000e+07
 7.8321600e+07 9.2707200e+07 9.2772000e+07 9.4435200e+07
 9.5299200e+07 9.5407200e+07 9.9705600e+07 1.0877760e+08
 1.2242880e+08 1.2251520e+08 1.3115520e+08 1.3642560e+08
 1.3649040e+08 1.4091840e+08 1.5344640e+08 2.7967680e+08
 0.0000000e+00 4.7853220e+01 4.6539880e+01 4.6665150e+01
 0.0000000e+00 4.6767780e+01 4.6171130e+01 0.0000000e+00
 4.6171130e+01 0.0000000e+00 4.4868170e+01 0.0000000e+00
 4.4868170e+01 0.0000000e+00 4.4868170e+01 0.0000000e+00
 4.4868170e+01 0.0000000e+00 4.5999650e+01 4.3308850e+01
 0.0000000e+00 4.3308850e+01 4.0393360e+01 3.8003750e+01
 0.0000000e+00 3.8003750e+01 3.5935220e+01 0.0000000e+00
 3.5935220e+01 3.4007910e+01 0.0000000e+00 0.0000000e+00
m1780W2 12                  32     HEAT
 0.0000000e+00 2.3587200e+07 3.4819200e+07 4.5187200e+07
 5.9875200e+07 5.9940000e+07 6.1603200e+07 7.0243200e+07
 7.0308000e+07 7.0416000e+07 7.0480800e+07 7.2144000e+07
 7.2208800e+07 7.3958400e+07 7.4476800e+07 7.8192000e+07
 7.8321600e+07 9.2707200e+07 9.2772000e+07 9.4435200e+07
 9.5299200e+07 9.5407200e+07 9.9705600e+07 1.0877760e+08
 1.2242880e+08 1.2251520e+08 1.3115520e+08 1.3642560e+08
 1.3649040e+08 1.4091840e+08 1.5344640e+08 2.7967680e+08
 0.0000000e+00 9.5947000e+01 9.3313720e+01 9.3564900e+01
 0.0000000e+00 9.3770660e+01 9.2574360e+01 0.0000000e+00
 9.2574360e+01 0.0000000e+00 8.9961900e+01 0.0000000e+00
 8.9961900e+01 0.0000000e+00 8.9961900e+01 0.0000000e+00
 8.9961900e+01 0.0000000e+00 9.2230540e+01 8.6835410e+01
 0.0000000e+00 8.6835410e+01 8.0989790e+01 7.6198540e+01
 0.0000000e+00 7.6198540e+01 7.2051090e+01 0.0000000e+00
 7.2051090e+01 6.8186770e+01 0.0000000e+00 0.0000000e+00
m1788W2 13                  32     HEAT
 0.0000000e+00 2.3587200e+07 3.4819200e+07 4.5187200e+07
 5.9875200e+07 5.9940000e+07 6.1603200e+07 7.0243200e+07
 7.0308000e+07 7.0416000e+07 7.0480800e+07 7.2144000e+07
 7.2208800e+07 7.3958400e+07 7.4476800e+07 7.8192000e+07
 7.8321600e+07 9.2707200e+07 9.2772000e+07 9.4435200e+07
 9.5299200e+07 9.5407200e+07 9.9705600e+07 1.0877760e+08
 1.2242880e+08 1.2251520e+08 1.3115520e+08 1.3642560e+08
 1.3649040e+08 1.4091840e+08 1.5344640e+08 2.7967680e+08
 0.0000000e+00 1.2640580e+02 1.2293660e+02 1.2326750e+02
 0.0000000e+00 1.2353850e+02 1.2196250e+02 0.0000000e+00
 1.2196250e+02 0.0000000e+00 1.1852070e+02 0.0000000e+00
 1.1852070e+02 0.0000000e+00 1.1852070e+02 0.0000000e+00
 1.1852070e+02 0.0000000e+00 1.2150950e+02 1.1440170e+02
 0.0000000e+00 1.1440170e+02 1.0670030e+02 1.0038810e+02
 0.0000000e+00 1.0038810e+02 9.4924000e+01 0.0000000e+00
 9.4924000e+01 8.9832950e+01 0.0000000e+00 0.0000000e+00
m1796W2 14                  32     HEAT
 0.0000000e+00 2.3587200e+07 3.4819200e+07 4.5187200e+07
 5.9875200e+07 5.9940000e+07 6.1603200e+07 7.0243200e+07
 7.0308000e+07 7.0416000e+07 7.0480800e+07 7.2144000e+07
 7.2208800e+07 7.3958400e+07 7.4476800e+07 7.8192000e+07
 7.8321600e+07 9.2707200e+07 9.2772000e+07 9.4435200e+07
 9.5299200e+07 9.5407200e+07 9.9705600e+07 1.0877760e+08
 1.2242880e+08 1.2251520e+08 1.3115520e+08 1.3642560e+08
 1.3649040e+08 1.4091840e+08 1.5344640e+08 2.7967680e+08
 0.0000000e+00 9.4115040e+01 9.1532030e+01 9.1778410e+01
 0.0000000e+00 9.1980250e+01 9.0806790e+01 0.0000000e+00
 9.0806790e+01 0.0000000e+00 8.8244210e+01 0.0000000e+00
 8.8244210e+01 0.0000000e+00 8.8244210e+01 0.0000000e+00
 8.8244210e+01 0.0000000e+00 9.0469530e+01 8.5177420e+01
 0.0000000e+00 8.5177420e+01 7.9443410e+01 7.4743650e+01
 0.0000000e+00 7.4743650e+01 7.0675370e+01 0.0000000e+00
 7.0675370e+01 6.6884850e+01 0.0000000e+00 0.0000000e+00
m1804W2 15                  32     HEAT
 0.0000000e+00 2.3587200e+07 3.4819200e+07 4.5187200e+07
 5.9875200e+07 5.9940000e+07 6.1603200e+07 7.0243200e+07
 7.0308000e+07 7.0416000e+07 7.0480800e+07 7.2144000e+07
 7.2208800e+07 7.3958400e+07 7.4476800e+07 7.8192000e+07
 7.8321600e+07 9.2707200e+07 9.2772000e+07 9.4435200e+07
 9.5299200e+07 9.5407200e+07 9.9705600e+07 1.0877760e+08
 1.2242880e+08 1.2251520e+08 1.3115520e+08 1.3642560e+08
 1.3649040e+08 1.4091840e+08 1.5344640e+08 2.7967680e+08
 0.0000000e+00 4.2357320e+01 4.1194810e+01 4.1305700e+01
 0.0000000e+00 4.1396540e+01 4.0868410e+01 0.0000000e+00
 4.0868410e+01 0.0000000e+00 3.9715100e+01 0.0000000e+00
 3.9715100e+01 0.0000000e+00 3.9715100e+01 0.0000000e+00
 3.9715100e+01 0.0000000e+00 4.0716630e+01 3.8334860e+01
 0.0000000e+00 3.8334860e+01 3.5754220e+01 3.3639050e+01
 0.0000000e+00 3.3639050e+01 3.1808090e+01 0.0000000e+00
 3.1808090e+01 3.0102130e+01 0.0000000e+00 0.0000000e+00
m2033W2 16                  32     HEAT
 0.0000000e+00 2.3587200e+07 3.4819200e+07 4.5187200e+07
 5.9875200e+07 5.9940000e+07 6.1603200e+07 7.0243200e+07
 7.0308000e+07 7.0416000e+07 7.0480800e+07 7.2144000e+07
 7.2208800e+07 7.3958400e+07 7.4476800e+07 7.8192000e+07
 7.8321600e+07 9.2707200e+07 9.2772000e+07 9.4435200e+07
 9.5299200e+07 9.5407200e+07 9.9705600e+07 1.0877760e+08
 1.2242880e+08 1.2251520e+08 1.3115520e+08 1.3642560e+08
 1.3649040e+08 1.4091840e+08 1.5344640e+08 2.7967680e+08
 0.0000000e+00 4.7853220e+01 4.6539880e+01 4.6665150e+01
 0.0000000e+00 4.6767780e+01 4.6171130e+01 0.0000000e+00
 4.6171130e+01 0.0000000e+00 4.4868170e+01 0.0000000e+00
 4.4868170e+01 0.0000000e+00 4.4868170e+01 0.0000000e+00
 4.4868170e+01 0.0000000e+00 4.5999650e+01 4.3308850e+01
 0.0000000e+00 4.3308850e+01 4.0393360e+01 3.8003750e+01
 0.0000000e+00 3.8003750e+01 3.5935220e+01 0.0000000e+00
 3.5935220e+01 3.4007910e+01 0.0000000e+00 0.0000000e+00
m2041W2 17                  32     HEAT
 0.0000000e+00 2.3587200e+07 3.4819200e+07 4.5187200e+07
 5.9875200e+07 5.9940000e+07 6.1603200e+07 7.0243200e+07
 7.0308000e+07 7.0416000e+07 7.0480800e+07 7.2144000e+07
 7.2208800e+07 7.3958400e+07 7.4476800e+07 7.8192000e+07
 7.8321600e+07 9.2707200e+07 9.2772000e+07 9.4435200e+07
 9.5299200e+07 9.5407200e+07 9.9705600e+07 1.0877760e+08
 1.2242880e+08 1.2251520e+08 1.3115520e+08 1.3642560e+08
 1.3649040e+08 1.4091840e+08 1.5344640e+08 2.7967680e+08
 0.0000000e+00 9.5947000e+01 9.3313720e+01 9.3564900e+01
 0.0000000e+00 9.3770660e+01 9.2574360e+01 0.0000000e+00
 9.2574360e+01 0.0000000e+00 8.9961900e+01 0.0000000e+00
 8.9961900e+01 0.0000000e+00 8.9961900e+01 0.0000000e+00
 8.9961900e+01 0.0000000e+00 9.2230540e+01 8.6835410e+01
 0.0000000e+00 8.6835410e+01 8.0989790e+01 7.6198540e+01
 0.0000000e+00 7.6198540e+01 7.2051090e+01 0.0000000e+00
 7.2051090e+01 6.8186770e+01 0.0000000e+00 0.0000000e+00
m2049W2 18                  32     HEAT
 0.0000000e+00 2.3587200e+07 3.4819200e+07 4.5187200e+07
 5.9875200e+07 5.9940000e+07 6.1603200e+07 7.0243200e+07
 7.0308000e+07 7.0416000e+07 7.0480800e+07 7.2144000e+07
 7.2208800e+07 7.3958400e+07 7.4476800e+07 7.8192000e+07
 7.8321600e+07 9.2707200e+07 9.2772000e+07 9.4435200e+07
 9.5299200e+07 9.5407200e+07 9.9705600e+07 1.0877760e+08
 1.2242880e+08 1.2251520e+08 1.3115520e+08 1.3642560e+08
 1.3649040e+08 1.4091840e+08 1.5344640e+08 2.7967680e+08
 0.0000000e+00 1.2640580e+02 1.2293660e+02 1.2326750e+02
 0.0000000e+00 1.2353850e+02 1.2196250e+02 0.0000000e+00
 1.2196250e+02 0.0000000e+00 1.1852070e+02 0.0000000e+00
 1.1852070e+02 0.0000000e+00 1.1852070e+02 0.0000000e+00
 1.1852070e+02 0.0000000e+00 1.2150950e+02 1.1440170e+02
 0.0000000e+00 1.1440170e+02 1.0670030e+02 1.0038810e+02
 0.0000000e+00 1.0038810e+02 9.4924000e+01 0.0000000e+00
 9.4924000e+01 8.9832950e+01 0.0000000e+00 0.0000000e+00
m2057W2 19                  32     HEAT
 0.0000000e+00 2.3587200e+07 3.4819200e+07 4.5187200e+07
 5.9875200e+07 5.9940000e+07 6.1603200e+07 7.0243200e+07
 7.0308000e+07 7.0416000e+07 7.0480800e+07 7.2144000e+07
 7.2208800e+07 7.3958400e+07 7.4476800e+07 7.8192000e+07
 7.8321600e+07 9.2707200e+07 9.2772000e+07 9.4435200e+07
 9.5299200e+07 9.5407200e+07 9.9705600e+07 1.0877760e+08
 1.2242880e+08 1.2251520e+08 1.3115520e+08 1.3642560e+08
 1.3649040e+08 1.4091840e+08 1.5344640e+08 2.7967680e+08
 0.0000000e+00 9.4115040e+01 9.1532030e+01 9.1778410e+01
 0.0000000e+00 9.1980250e+01 9.0806790e+01 0.0000000e+00
 9.0806790e+01 0.0000000e+00 8.8244210e+01 0.0000000e+00
 8.8244210e+01 0.0000000e+00 8.8244210e+01 0.0000000e+00
 8.8244210e+01 0.0000000e+00 9.0469530e+01 8.5177420e+01
 0.0000000e+00 8.5177420e+01 7.9443410e+01 7.4743650e+01
 0.0000000e+00 7.4743650e+01 7.0675370e+01 0.0000000e+00
 7.0675370e+01 6.6884850e+01 0.0000000e+00 0.0000000e+00
m2065W2 20                  32     HEAT
 0.0000000e+00 2.3587200e+07 3.4819200e+07 4.5187200e+07
 5.9875200e+07 5.9940000e+07 6.1603200e+07 7.0243200e+07
 7.0308000e+07 7.0416000e+07 7.0480800e+07 7.2144000e+07
 7.2208800e+07 7.3958400e+07 7.4476800e+07 7.8192000e+07
 7.8321600e+07 9.2707200e+07 9.2772000e+07 9.4435200e+07
 9.5299200e+07 9.5407200e+07 9.9705600e+07 1.0877760e+08
 1.2242880e+08 1.2251520e+08 1.3115520e+08 1.3642560e+08
 1.3649040e+08 1.4091840e+08 1.5344640e+08 2.7967680e+08
 0.0000000e+00 4.2375820e+01 4.1212810e+01 4.1323740e+01
 0.0000000e+00 4.1414620e+01 4.0886260e+01 0.0000000e+00
 4.0886260e+01 0.0000000e+00 3.9732450e+01 0.0000000e+00
 3.9732450e+01 0.0000000e+00 3.9732450e+01 0.0000000e+00
 3.9732450e+01 0.0000000e+00 4.0734410e+01 3.8351610e+01
 0.0000000e+00 3.8351610e+01 3.5769840e+01 3.3653750e+01
 0.0000000e+00 3.3653750e+01 3.1821980e+01 0.0000000e+00
 3.1821980e+01 3.0115280e+01 0.0000000e+00 0.0000000e+00
dr001                       32     HEAT
 0.0000000e+00 2.3587200e+07 3.4819200e+07 4.5187200e+07
 5.9875200e+07 5.9940000e+07 6.1603200e+07 7.0243200e+07
 7.0308000e+07 7.0416000e+07 7.0480800e+07 7.2144000e+07
 7.2208800e+07 7.3958400e+07 7.4476800e+07 7.8192000e+07
 7.8321600e+07 9.2707200e+07 9.2772000e+07 9.4435200e+07
 9.5299200e+07 9.5407200e+07 9.9705600e+07 1.0877760e+08
 1.2242880e+08 1.2251520e+08 1.3115520e+08 1.3642560e+08
 1.3649040e+08 1.4091840e+08 1.5344640e+08 2.7967680e+08
 0.0000000e+00 1.0913740e+03 1.0779972e+03 1.1196842e+03
 0.0000000e+00 1.1235790e+03 1.1025965e+03 0.0000000e+00
 1.1025965e+03 0.0000000e+00 1.0878653e+03 0.0000000e+00
 1.0878653e+03 0.0000000e+00 1.0878653e+03 0.0000000e+00
 1.0878653e+03 0.0000000e+00 1.0788421e+03 1.0291930e+03
 0.0000000e+00 1.0291930e+03 9.6452632e+02 9.1734626e+02
 0.0000000e+00 9.1734626e+02 8.7557114e+02 0.0000000e+00
 8.7557114e+02 8.2681712e+02 0.0000000e+00 0.0000000e+00
+++
 1762 1782 1856 1876 1954 1968 1982 1996 2010 2494 2508 2522 2536 2550 3034 3054
 3128 3148 3226 3242 3258 3274 3290 3748 3764 3780 3796 3812 2052 2066 2080 2094
 2108 2592 2606 2620 2634 2648 3338 3354 3370 3386 3402 3860 3876 3892 3908 3924
 4490
